27
0 8902 5436 2480 2008 6592 3195 1874 4878 9147 6950 5843 4313 5298 7474 6806 4183 8211 7758 7453 4273 4028 1705 7949 5434 2560 1821
8902 0 3892 6836 10462 15046 7017 7690 13332 1231 15404 3409 4739 4518 3294 3638 12637 847 1630 15907 12727 5916 9121 2889 13888 11014 10275
5436 3892 0 3370 6996 11580 3551 4224 9866 4137 11938 833 1273 1052 2464 1796 9171 3201 2748 12441 9261 2450 5655 2939 10422 7548 6809
2480 6836 3370 0 4040 8624 1129 1268 6910 7081 8982 3777 2247 3232 5408 4740 6215 6145 5692 9485 6305 1962 2699 5883 7466 4592 3853
2008 10462 6996 4040 0 6156 4755 3434 4442 10707 6514 7403 5873 6858 9034 8366 3747 9771 9318 7017 3837 5588 3265 9509 4998 2124 1385
6592 15046 11580 8624 6156 0 9339 8018 2786 15291 936 11987 10457 11442 13618 12950 4373 14355 13902 1439 3403 10172 7849 14093 1394 4730 5457
3195 7017 3551 1129 4755 9339 0 1983 7625 7262 9697 3958 2428 3413 5589 4921 6930 6326 5873 10200 7020 2143 3414 6064 8181 5307 4568
1874 7690 4224 1268 3434 8018 1983 0 6304 7935 8376 4631 3101 4086 6262 5594 5609 6999 6546 8879 5699 2816 2093 6737 6860 3986 3247
4878 13332 9866 6910 4442 2786 7625 6304 0 13577 3144 10273 8743 9728 11904 11236 2659 12641 12188 3647 1689 8458 6135 12379 1628 3016 3743
9147 1231 4137 7081 10707 15291 7262 7935 13577 0 15649 3654 4984 4763 3539 3883 12882 1092 1875 16152 12972 6161 9366 3134 14133 11259 10520
6950 15404 11938 8982 6514 936 9697 8376 3144 15649 0 12345 10815 11800 13976 13308 4731 14713 14260 879 3761 10530 8207 14451 1752 5088 5815
5843 3409 833 3777 7403 11987 3958 4631 10273 3654 12345 0 1680 1459 1981 1313 9578 2718 2265 12848 9668 2857 6062 2456 10829 7955 7216
4313 4739 1273 2247 5873 10457 2428 3101 8743 4984 10815 1680 0 1135 3311 2643 8048 4048 3595 11318 8138 1327 4532 3786 9299 6425 5686
5298 4518 1052 3232 6858 11442 3413 4086 9728 4763 11800 1459 1135 0 3090 2422 9033 3827 3374 12303 9123 2312 5517 3565 10284 7410 6671
7474 3294 2464 5408 9034 13618 5589 6262 11904 3539 13976 1981 3311 3090 0 2210 11209 2603 2150 14479 11299 4488 7693 2341 12460 9586 8847
6806 3638 1796 4740 8366 12950 4921 5594 11236 3883 13308 1313 2643 2422 2210 0 10541 2947 2494 13811 10631 3820 7025 2685 11792 8918 8179
4183 12637 9171 6215 3747 4373 6930 5609 2659 12882 4731 9578 8048 9033 11209 10541 0 11946 11493 5234 2054 7763 5440 11684 3215 2321 3048
8211 847 3201 6145 9771 14355 6326 6999 12641 1092 14713 2718 4048 3827 2603 2947 11946 0 939 15216 12036 5225 8430 2198 13197 10323 9584
7758 1630 2748 5692 9318 13902 5873 6546 12188 1875 14260 2265 3595 3374 2150 2494 11493 939 0 14763 11583 4772 7977 1745 12744 9870 9131
7453 15907 12441 9485 7017 1439 10200 8879 3647 16152 879 12848 11318 12303 14479 13811 5234 15216 14763 0 4264 11033 8710 14954 2255 5591 6318
4273 12727 9261 6305 3837 3403 7020 5699 1689 12972 3761 9668 8138 9123 11299 10631 2054 12036 11583 4264 0 7853 5530 11774 2245 2411 3138
4028 5916 2450 1962 5588 10172 2143 2816 8458 6161 10530 2857 1327 2312 4488 3820 7763 5225 4772 11033 7853 0 4247 4963 9014 6140 5401
1705 9121 5655 2699 3265 7849 3414 2093 6135 9366 8207 6062 4532 5517 7693 7025 5440 8430 7977 8710 5530 4247 0 8168 6691 3817 3078
7949 2889 2939 5883 9509 14093 6064 6737 12379 3134 14451 2456 3786 3565 2341 2685 11684 2198 1745 14954 11774 4963 8168 0 12935 10061 9322
5434 13888 10422 7466 4998 1394 8181 6860 1628 14133 1752 10829 9299 10284 12460 11792 3215 13197 12744 2255 2245 9014 6691 12935 0 3572 4299
2560 11014 7548 4592 2124 4730 5307 3986 3016 11259 5088 7955 6425 7410 9586 8918 2321 10323 9870 5591 2411 6140 3817 10061 3572 0 1425
1821 10275 6809 3853 1385 5457 4568 3247 3743 10520 5815 7216 5686 6671 8847 8179 3048 9584 9131 6318 3138 5401 3078 9322 4299 1425 0
